52606
57085
45599
25401
57514
6972
14248
61212
53173
4428
1427
21185
28264
5023
24944
9625
44824
42471
662
20877
59977
15802
30093
26572
16451
59327
63067
24745
32105
15169
38954
19175
6718
19017
44576
64232
25989
58824
59909
13627
63253
61336
34812
25981
823
59757
35606
45648
36692
36269
989
31133
52071
31082
57705
2986
24873
55236
27731
56978
4869
1149
10617
11587
20166
55193
10284
46155
48482
4657
59782
46199
457
29059
6644
1280
23280
42250
46928
59972
12983
47917
25570
65054
13463
17739
2504
38337
7440
30235
29779
12309
31384
40397
23897
51550
30054
34181
32170
13000
38838
26416
59199
39295
55475
307
40575
13219
42558
21968
7656
55541
4349
33226
55060
17813
50965
57564
56150
58405
22264
20393
5179
53648
60790
29076
39663
25309
63257
6297
38309
36559
32713
31973
10318
22653
32280
50893
35872
9302
7325
43528
64844
11675
11218
54368
29488
62184
46396
20102
55053
3124
40495
60232
56773
35750
23772
30900
61059
21493
37197
33832
58052
4374
269
2834
27027
32550
53728
62900
41852
61053
40892
41160
7192
52111
29992
36680
48759
10853
56782
38276
13977
31742
32973
5214
1956
56745
36114
63015
12703
7775
31311
5219
12150
31581
8054
39177
64131
61782
36541
40447
57299
11898
16072
64492
64009
46064
35636
47232
56917
26883
19972
5359
58625
52945
10573
60581
44155
46688
58060
56858
54463
23835
62077
1077
55416
4595
40255
54011
841
11260
28923
58141
23158
44995
57097
21631
25523
27197
3327
16905
54080
23300
22264
47169
10709
32837
42214
54864
13989
34738
46186
2917
58574
42728
3994
48454
47323
44249
36930
48165
55510
317
40770
13132
45312
32331
34764
5299
59528
38091
22204
48073
61391
44468
29706
6565
11770
6385
61429
25759
41123
42080
28676
34161
19272
32671
17080
1059
11384
54010
49224
1358
54327
24458
14491
34103
56789
49255
39402
50782
21810
61607
33319
17666
40539
63025
24231
52309
3874
20124
12533
44998
62204
41209
13623
15940
8344
30703
17000
19729
19177
688
21087
7968
25147
35578
42071
16400
19297
15938
1646
41108
12009
34965
58774
52548
32455
17469
39322
36329
37593
51855
15791
34262
27528
29415
50202
35873
60118
1666
55602
13760
2355
11153
21728
27502
46732
63800
43902
493
14202
45549
41601
26211
14978
34839
13223
47433
52308
52545
18227
24366
38864
34018
58628
857
63433
43294
36730
58016
44961
26796
6240
47316
37949
27968
9282
19145
26232
53184
19639
40434
33197
61240
1109
48176
30544
14333
30073
17316
1342
48300
41682
40207
16783
34774
41064
14680
12533
12258
7160
57494
39054
13400
39274
11467
41369
48556
30613
2065
36204
50252
42500
3866
45956
43609
52042
10964
57942
16579
28281
59285
64880
4427
33956
16127
39202
9484
30807
51735
21742
37968
43693
60796
51368
17431
6727
27201
451
37340
29267
36655
22056
6231
40521
2477
49840
27027
13441
42247
43607
41722
35996
42951
46150
4416
59078
19816
13900
24349
6015
35642
62317
49708
30902
48150
1603
37629
9815
2054
9434
39082
38709
31490
45313
13695
33967
29618
40722
47409
6329
18793
23595
42325
61744
4209
46741
55286
24025
60641
14100
30040
30747
10881
14212
61649
59031
15815
33742
3311
17869
43176
42393
56579
9131
22171
4738
43098
51789
45460
24971
58118
64254
48567
34907
60462
52776
16112
50213
11266
11217
64313
41306
41964
9658
55519
38077
3154
5798
6283
6465
23668
49460
48858
14711
58591
5493
19449
36153
57282
64909
61125
49864
63627
44156
19235
58554
31396
35347
43231
42662
46564
42008
18433
22992
51666
8416
61069
54820
14214
1817
61285
37882
51277
44608
52593
44332
50101
6506
14949
41848
5880
10538
26176
3971
54694
45412
62525
20555
15223
40220
63217
61788
16692
16114
19244
2823
24530
14778
57643
38745
16595
53393
11091
2336
32465
63685
46668
17030
4655
61617
58878
10535
6620
19519
14507
61314
64931
11496
16333
14618
51717
14015
10870
2873
30129
30115
5696
54660
44893
63340
27869
61488
51197
38960
63824
18126
37109
44956
35156
41765
41037
28499
52300
47657
48018
1271
43436
47413
12768
59769
62031
64485
8248
7366
1822
38378
37481
7519
27502
16838
5323
55371
12790
56520
28795
11078
9110
369
56034
44266
42134
31535
7229
28898
13657
55247
30170
57093
37124
42938
51326
33620
41887
59575
40986
43709
32417
12931
51228
59919
29769
56551
49754
42559
47535
13013
53637
56645
13382
44135
35376
55516
10134
42605
18879
23791
32317
49049
15348
3905
26451
1139
37525
2802
60714
12975
46511
27595
25906
32204
21978
55675
23219
6196
32698
5219
19209
20799
61864
32592
64934
31704
22572
9533
8774
41451
33324
41091
24964
48673
44996
51415
49812
16986
54217
44990
29961
35193
7049
55868
1861
29027
46007
25080
35223
13170
30299
54432
33969
26628
21488
33368
58332
44061
42901
1570
19976
10689
42661
44941
59362
22122
30820
43638
39108
19502
23092
3533
54695
30141
59401
56556
59168
39873
16100
28855
53043
46400
17752
21476
7492
39240
54844
288
17765
32209
1859
37742
42899
44520
17147
36725
1106
47967
14828
40214
1933
37920
43748
56628
2526
37613
47648
61694
11950
63749
25014
64993
44613
42766
20934
52105
16470
10242
52393
34236
42452
54252
6442
19815
33237
23589
56540
34343
6020
5832
9022
7954
43753
52770
64582
46279
24847
46695
42437
36798
44908
1915
36255
23985
44681
57189
10554
61152
1896
62947
29852
44348
51664
36294
64163
19365
59883
55167
53708
367
61000
62730
8321
39217
49964
7368
19960
9276
54063
62397
46074
33435
64313
16793
57420
43458
8447
2438
39074
10343
65385
3390
54691
51513
39684
53318
5342
34031
42949
59051
34399
38413
56245
42720
12094
40674
50088
32054
49950
38615
28916
30488
6514
27693
47281
63934
5615
55728
836
44690
535
686
48080
55226
52199
22229
43008
57542
56260
20422
51057
25123
58835
41766
2308
5394
16904
52396
37448
1318
25476
828
31806
31990
28521
13552
30389
34137
3744
31225
13291
4280
31911
61371
59506
18575
18064
36979
10581
8789
57401
61638
33912
50700
37868
36220
56094
54773
23081
28007
56091
48557
28835
22362
15011
57357
35914
45400
25958
39658
11090
39249
43938
43001
35084
37909
61576
53149
9352
6621
61938
1217
2723
30314
51917
40592
999
42476
29829
24080
4947
